Sample	total_reads	avg_input_read_length	uniquely_mapped	uniquely_mapped_percent	avg_mapped_read_length	num_splices	num_annotated_splices	num_GTAG_splices	num_GCAG_splices	num_ATAC_splices	num_noncanonical_splices	mismatch_rate	deletion_rate	deletion_length	insertion_rate	insertion_length	multimapped	multimapped_percent	multimapped_toomany	multimapped_toomany_percent	unmapped_mismatches_percent	unmapped_tooshort_percent	unmapped_other_percent	unmapped_mismatches	unmapped_tooshort	unmapped_other
K002000269_94802	63326942.0	150.0	53941722.0	85.18	150.15	19670995.0	19660599.0	19493335.0	146962.0	21802.0	8896.0	0.2	0.01	1.64	0.01	1.37	7344744.0	11.6	201990.0	0.32	0.04	2.74	0.12	25358	1737052	76075
K002000269_94804	57957086.0	150.0	49194557.0	84.88	150.15	18544506.0	18535178.0	18378158.0	137752.0	20272.0	8324.0	0.21	0.01	1.63	0.0	1.37	7077219.0	12.21	214220.0	0.37	0.04	2.39	0.11	23167	1384215	63709
K002000269_94806	54628124.0	150.0	46028190.0	84.26	150.13	17180426.0	17171005.0	17026845.0	127213.0	18610.0	7758.0	0.2	0.01	1.64	0.01	1.36	6615706.0	12.11	191270.0	0.35	0.04	3.08	0.16	21865	1683631	87461
K002000269_94844	53291058.0	150.0	45467607.0	85.32	150.16	17400082.0	17391037.0	17241289.0	131920.0	18683.0	8190.0	0.17	0.01	1.65	0.01	1.35	6298126.0	11.82	187023.0	0.35	0.05	2.33	0.14	26554	1237398	74350
K002000269_94846	70422956.0	150.0	59984721.0	85.18	150.18	22424726.0	22412801.0	22220043.0	169489.0	24122.0	11072.0	0.17	0.01	1.65	0.01	1.36	8255126.0	11.72	243702.0	0.35	0.04	2.55	0.16	28210	1798359	112838
K002000269_94848	65766171.0	150.0	55586476.0	84.52	150.16	21325576.0	21314518.0	21130782.0	162277.0	22569.0	9948.0	0.17	0.01	1.64	0.01	1.35	7873325.0	11.97	207886.0	0.32	0.05	2.98	0.16	32892	1960339	105253
K002000269_94850	74591501.0	150.0	63919495.0	85.69	150.12	23699107.0	23684078.0	23475557.0	184340.0	26776.0	12434.0	0.17	0.01	1.65	0.01	1.37	8574954.0	11.5	224392.0	0.3	0.05	2.35	0.1	37453	1760300	74906
K002000269_94852	69469102.0	150.0	60211604.0	86.67	150.18	22036282.0	22021530.0	21829006.0	170438.0	25287.0	11551.0	0.17	0.01	1.65	0.01	1.39	7314714.0	10.53	171247.0	0.25	0.05	2.4	0.11	34600	1660816	76121
K002000269_94854	77199353.0	150.0	64586217.0	83.66	150.15	23618788.0	23603853.0	23396774.0	183173.0	26404.0	12437.0	0.17	0.01	1.65	0.01	1.38	9704400.0	12.57	257719.0	0.33	0.05	3.18	0.2	38645	2457794	154578
