Sample	Salmon_mqc-generalstats-salmon-percent_mapped	Salmon_mqc-generalstats-salmon-num_mapped	STAR_mqc-generalstats-star-uniquely_mapped_percent	STAR_mqc-generalstats-star-uniquely_mapped
K002000269_94802	82.22657269634148	52071574	85.18	53941722.0
K002000269_94804	84.33333415002956	48877143	84.88	49194557.0
K002000269_94806	83.44479301540723	45584325	84.26	46028190.0
K002000269_94844	83.52025024536012	44508825	85.32	45467607.0
K002000269_94846	82.11591828096509	57828457	85.18	59984721.0
K002000269_94848	83.74757289731829	55077572	84.52	55586476.0
K002000269_94850	82.83201326113547	61785642	85.69	63919495.0
K002000269_94852	80.68280197432233	56049618	86.67	60211604.0
K002000269_94854	81.12500631967731	62627980	83.66	64586217.0
